2817 243
5040 243
3429 243
8181 729
8298 729
5400 243
3375 243
9396 729
4149 243
5823 729
5013 243
6849 729
11709 729
2178 243
5850 243
2394 243
2952 243
2142 243
3393 243
7857 729
3627 243
6597 729
2898 243
9711 729
8181 729
3069 243
1881 243
7695 729
10728 729
6120 729
3339 243
5859 729
5031 243
6201 729
6210 729
8829 729
4266 243
4671 243
5634 729
1575 81
3195 243
3555 243
10197 729
5832 243
3123 243
4356 243
3933 243
2043 243
4032 243
5094 243
7011 729
5346 243
3537 243
5373 243
7416 729
11547 729
4662 243
4365 243
3591 243
6174 729
2088 243
1404 81
7983 729
6741 729
2304 243
9180 729
2853 243
2484 243
3969 243
2034 243
6228 729
4644 243
8703 729
2979 243
4698 243
2565 243
8424 729
3429 243
1818 81
9927 729
3411 243
3996 243
3186 243
3564 243
2340 243
3447 243
2214 243
5454 729
4941 243
6228 729
3330 243
3429 243
7182 729
4113 243
4005 243
3843 243
3114 243
7128 729
7875 729
4518 243
5067 243
11925 729
7893 729
3348 243
10080 729
3726 243
2241 243
4257 243
8235 729
3969 243
6651 729
4167 243
5814 729
1593 81
7740 729
3429 243
6705 729
4041 243
9108 729
8208 729
2412 81
4149 243
4437 243
1008 81
3528 243
3726 243
2619 243
8199 729
12510 729
4617 243
6219 243
3033 243
8559 729
1728 81
9126 729
3897 243
3717 243
10296 729
3339 243
4167 243
4275 243
5292 729
2214 243
3897 243
6129 729
6354 729
4536 243
1809 243
6336 243
3951 243
4527 243
5166 243
3447 243
5688 729
1989 81
3960 243
4086 243
2178 243
3006 243
3906 243
3087 243
3078 243
3609 243
4194 243
4041 243
6930 729
9441 729
4680 243
4509 243
2970 243
4491 243
3033 243
3303 243
2322 243
14211 729
4743 243
7047 729
1746 243
2439 243
3339 243
4077 243
2871 243
7785 729
4608 243
3582 243
3663 243
4527 243
6210 729
6507 729
3555 243
9450 729
2439 243
4878 243
3519 243
2997 243
4185 243
2268 243
4167 243
2988 243
6840 729
Mean score: 4955.4