15408 2187
34587 2187
10476 729
20511 2187
31545 2187
11160 729
10062 729
26253 2187
10089 729
7884 729
30825 2187
21528 2187
22284 2187
29160 2187
19206 2187
30708 2187
16443 2187
30186 2187
32670 2187
22986 2187
27441 2187
11052 729
10863 729
10368 729
21492 2187
15228 2187
34299 2187
21501 2187
24228 2187
6624 729
7551 729
11484 729
13725 2187
29160 2187
18873 2187
23742 2187
31410 2187
20097 2187
9090 729
3879 243
23067 2187
18648 2187
2862 243
34965 2187
28692 2187
12339 729
20772 2187
13491 2187
22743 2187
9909 729
34542 2187
8316 729
19845 2187
20349 2187
59058 6561
2925 243
3132 243
22896 2187
12321 729
22356 2187
7641 729
13050 729
3663 243
19512 2187
17775 2187
29556 2187
34371 2187
7128 729
11619 729
10539 729
11745 729
11889 729
30708 2187
10053 729
9090 729
32832 2187
10413 729
19548 2187
11151 729
22707 2187
11178 729
10926 729
27828 2187
32310 2187
10638 729
10278 729
23904 2187
21663 2187
20151 2187
22527 2187
26244 2187
4032 243
19422 2187
22635 2187
22068 2187
27261 2187
11223 729
10251 729
10485 729
10413 729
23877 2187
10278 729
32247 2187
13464 2187
10350 729
35667 2187
24786 2187
12213 729
8793 729
10629 729
18810 2187
9684 729
2754 243
18774 2187
19134 2187
18135 2187
11097 729
10143 729
9666 729
30645 2187
15516 2187
23121 2187
20106 2187
19440 2187
19161 2187
34137 2187
9909 729
34587 2187
8820 729
20763 2187
34146 2187
18720 2187
29205 2187
30654 2187
28179 2187
6984 729
22059 2187
23328 2187
9630 729
9819 729
23157 2187
22383 2187
28836 2187
5859 729
21204 2187
6552 729
22320 2187
10080 729
11439 729
8019 729
22383 2187
11430 729
33921 2187
31563 2187
10377 729
17748 2187
28512 2187
26244 2187
30969 2187
29727 2187
32211 2187
24021 2187
30897 2187
10233 729
19188 2187
16083 2187
65115 6561
22356 2187
31005 2187
4941 729
5823 729
3240 243
23445 2187
47115 6561
22707 2187
20772 2187
32067 2187
10791 729
40464 2187
16020 2187
3294 243
30681 2187
15903 2187
8046 729
32022 2187
9720 729
20628 2187
21024 2187
6975 729
31374 2187
34110 2187
27531 2187
8991 729
22923 2187
22527 2187
18936 2187
23832 2187
10098 729
25110 2187
35568 2187
