14049 729
14049 729
13122 729
14049 729
14049 729
24579 729
19890 729
14049 729
13122 729
14049 729
37503 2187
12096 729
15516 729
20871 729
15516 729
17640 729
20871 729
6525 243
15516 729
8703 243
15318 729
8865 243
20241 729
19206 729
6138 243
19206 729
12753 729
13059 729
10386 729
19341 729
18945 729
16713 729
19539 729
22329 729
20061 729
14103 729
12942 729
20763 729
15516 729
11367 729
9324 243
9846 729
14157 729
17262 729
10332 729
16506 729
19602 729
15102 729
11313 729
13293 729
15156 729
26496 2187
10989 729
7560 243
19116 729
11142 729
18450 729
19620 729
8253 243
13995 729
11439 729
12276 729
7650 243
14400 729
14967 729
17856 729
12906 729
12978 729
11763 729
7839 243
13419 729
13311 729
9828 729
12222 729
13770 729
16866 729
23418 729
21924 729
7983 243
7164 243
11178 729
18135 729
9162 243
9333 243
22572 729
6156 243
32274 2187
11763 729
24066 729
15588 729
14697 729
21573 729
15489 729
17415 729
19908 2187
21915 729
12915 729
32274 2187
9711 729
16839 729
18792 729
11376 729
9531 729
9720 729
17244 729
24084 2187
9450 243
8649 729
13842 729
12141 729
17964 729
9099 729
22716 2187
8694 243
14643 729
12987 729
22581 729
14373 729
13617 729
8712 243
12672 729
18009 729
22734 729
15687 729
8739 243
19386 729
11115 729
5580 243
14301 729
15354 729
9558 729
11331 729
15570 729
6093 243
19386 729
8271 729
15804 729
15759 729
12960 729
9324 243
18378 729
13590 729
18522 729
14238 729
11241 729
11376 729
15714 729
4698 243
11196 729
14454 729
15957 729
17307 729
9792 243
25857 2187
17937 729
17514 729
18027 729
14832 729
18504 2187
11808 729
8919 243
40149 2187
18027 729
19764 729
11034 729
19341 729
15246 729
7137 243
11718 729
10260 729
9693 729
11043 729
14472 729
14166 729
8802 243
17676 729
10449 729
11034 729
12456 729
17910 729
15741 729
23859 2187
20502 729
11520 729
6759 243
20079 729
13014 729
15426 729
13599 729
13968 729
22644 2187
16236 729
16776 729
9693 729
17757 729
15417 729
10107 243
18819 729
10107 729
17028 729
19026 729
5220 243
33840 2187
13473 729
13851 729
20250 729
8676 243
25677 2187
4689 243
15984 729
16911 729
11403 729
14823 729
16794 729
12159 729
13113 729
26028 2187
20889 729
15273 729
15741 729
17361 729
11601 729
27738 2187
10395 729
17262 729
10566 729
13050 729
6264 243
21312 2187
14265 729
9405 729
18279 729
15309 729
12168 729
8757 729
11844 729
14247 729
28071 2187
14472 729
7650 243
20358 729
7299 243
21960 729
17325 729
13050 729
17334 729
18729 729
15858 729
14994 729
20097 729
15696 729
10629 729
14112 729
20070 729
15345 729
12069 729
22536 729
5607 243
10782 729
12663 729
7290 243
12843 729
11124 729
19854 729
13878 729
21762 729
7605 243
16758 729
12150 729
8919 243
14346 729
16128 729
11151 729
11970 729
13086 729
11772 729
10998 729
14760 729
10107 729
18414 729
18117 729
10125 729
9279 243
14112 729
10260 729
28341 2187
19872 729
9846 729
10179 729
18396 729
15849 729
17010 729
10053 243
8352 729
12996 729
17838 729
18162 729
13734 729
19377 729
12951 729
14193 729
14679 729
10530 729
6984 243
16452 729
8073 243
9486 243
23769 729
11817 729
13536 729
27216 2187
12348 729
14823 729
22950 2187
13734 729
18783 729
16101 729
28683 2187
11583 243
10350 729
15957 729
14481 729
19557 729
15228 729
24021 2187
27810 729
21591 729
9315 729
6399 243
19206 729
11439 729
15921 729
23472 729
25560 2187
14022 729
10233 729
18684 729
12168 729
11646 729
17946 729
12564 729
7281 243
9378 729
23571 2187
13068 729
11205 729
14463 729
16506 729
16731 729
15030 729
13419 729
15849 729
14409 729
13986 729
17973 729
18774 729
13788 729
10917 729
9108 243
10251 729
15579 729
13995 729
9270 729
7281 243
23616 729
14958 729
15471 729
11088 729
16605 729
16128 729
12456 729
12267 729
9936 729
13689 729
12753 729
17019 729
14616 729
24552 2187
17712 729
14094 729
12870 729
17712 729
12960 729
16128 729
10404 243
9702 729
17775 729
12609 729
15120 729
6336 243
7893 243
7146 243
9504 729
19179 2187
8019 243
9396 729
13041 729
16758 729
10818 729
9747 243
17973 729
14139 729
14940 729
10251 729
23139 2187
19224 729
14229 729
10494 729
22725 729
16956 729
7200 243
14481 729
13221 729
23589 729
17064 729
11232 729
19098 729
18531 729
16470 729
20502 729
12060 729
12312 729
12933 729
18315 729
16902 729
13788 729
15606 729
11088 729
18819 729
8064 243
17964 729
26271 729
11025 729
15543 729
12978 729
17523 729
8361 243
26316 2187
15291 729
15786 729
17289 729
20304 729
11592 729
29610 2187
10593 729
15948 729
17703 729
16758 729
9801 729
18954 729
19539 2187
10008 729
18756 729
10440 729
18252 729
13410 729
14679 729
19539 729
10017 729
10530 729
10566 729
10728 729
17892 729
23094 729
16407 729
11844 729
27108 2187
14337 729
13986 729
23481 2187
14022 729
7830 243
19566 729
8721 243
35064 2187
11457 729
21069 729
14274 729
13473 729
11754 729
14463 729
12582 729
13275 729
10980 729
21780 2187
22563 729
21429 2187
11952 729
22059 729
13203 729
11637 729
12087 729
12699 729
9711 243
14499 729
21348 729
27315 2187
7245 243
12906 729
12852 729
Mean score: 14997.726
